0	0.0	-inf
0.0015111224822652385	0.017337800027725902	-806.6120824636988
0.003022244964530477	0.13905924104570677	-638.2001829117343
0.004533367446795716	0.5202108680582515	-533.6508087493079
0.006044489929060954	1.3256894323928723	-455.24808335424075
0.0075556124113261925	2.7097930661606777	-391.17226025664706
0.009066734893591432	4.821801712280177	-336.1585091862853
0.01057785737585667	7.774869028220323	-287.39840934347006
0.012088979858121908	11.681305706319645	-243.21558378568903
0.013600102340387147	16.647476099940743	-202.52873501280087
0.015111224822652385	22.74511179805113	-164.5995606825664
0.016622347304917625	30.007410663627002	-128.90145978401114
0.018133469787182863	38.4145609106003	-95.04560960667553
0.0196445922694481	47.994728031699445	-62.73673389784773
0.02115571475171334	58.74584812182273	-31.745309758331274
0.02266683723397858	70.57398620184708	-1.8893864980238106
0.024177959716243817	83.48277408273646	26.97771580497883
0.025689082198509055	97.472748208231	54.97597184085768
0.027200204680774293	112.40696723021502	82.20476458339604
0.02871132716303953	128.24846092130412	108.7473436794522
0.03022244964530477	144.93576051408678	134.67413891915956
0.03173357212757001	162.39438091253712	160.0452644372694
0.03324469460983525	180.5443128000998	184.91243982324386
0.03475581709210049	199.29333036585	209.320483840031
0.03626693957436573	218.5871082212229	233.3084900061085
0.037778062056630965	238.45303238378094	256.9107620388695
0.0392891845388962	258.7715889827076	280.1575657204654
0.04080030702116144	279.20257277393495	303.07573879005474
0.04231142950342668	299.87078098845865	325.6891898655109
0.04382255198569192	320.76435970974507	348.019309775678
0.04533367446795716	341.8179103463718	370.08531313134745
0.046844796950222395	363.0743713803155	391.9045238680811
0.04835591943248763	384.4551603565661	413.4926154398791
0.04986704191475287	405.8917864331048	434.8638140409607
0.05137816439701811	427.23085811729277	456.031071481287
0.05288928687928335	448.4325086814083	477.0062129962788
0.054400409361548586	469.52460704618034	497.8000642293544
0.055911531843813825	490.68692209507117	518.4225608125718
0.05742265432607906	511.9632236901853	538.8828433309396
0.0589337768083443	533.152308212258	559.1893399492402
0.06044489929060954	554.2757142315594	579.349838576176
0.06195602177287478	574.9994485378296	599.3715501164601
0.06346714425514002	595.3864941122104	619.2611640998149
0.06497826673740527	606.9149368698048	639.024897763455
0.06648938921967051	627.5509646035126	658.6685394913186
0.06800051170193576	647.9370676735048	678.1974873711807
0.069511634184201	668.2352224117041	697.6167835136349
0.07102275666646625	688.4147481129174	716.9311446799594
0.0725338791487315	708.4246277254423	736.1449896852419
0.07404500163099674	728.3524880153159	755.2624639758051
0.07555612411326199	748.140381796828	774.2874617235319
0.07706724659552723	768.2097124830653	793.223645732179
0.07857836907779248	788.4177474796877	812.074465410657
0.08008949156005772	808.6786041613215	830.8431730342435
0.08160061404232297	828.787115661186	849.5328384857756
0.08311173652458821	848.0974717526752	868.1463626442037
0.08462285900685346	867.0216075693019	886.686489566761
0.0861339814891187	886.0934457324464	905.1558175928901
0.08764510397138395	905.5907371347482	923.5568094824572
0.08915622645364919	925.3625441061807	941.8918016873198
0.09066734893591444	944.727569757209	960.1630128436559
0.09217847141817968	963.9825448455177	978.3725515623489
0.09368959390044493	983.2779280671052	996.5224235859188
0.09520071638271017	1002.1489767775313	1014.614538372824
0.09671183886497542	1020.9994615779467	1032.650715163246
0.09822296134724066	1039.835582606683	1050.6326885746003
0.09973408382950591	1058.6378587613615	1068.5621137698568
0.10124520631177115	1077.592941585869	1086.4405712372188
0.1027563287940364	1096.5852465690155	1104.2695712157122
0.10426745127630165	1114.8948409653788	1122.0505577977021
0.10577857375856689	1133.1648987832184	1139.7849127362333
0.10728969624083214	1151.904887198362	1157.4739589823184
0.10880081872309738	1170.2870793903269	1175.1189639748382
0.11031194120536263	1188.5686604932582	1192.7211427035288
0.11182306368762787	1207.402525004376	1210.2816605635846
0.11333418616989312	1226.1097273291339	1227.8016360186573
0.11484530865215836	1244.292091548423	1245.2821430874817
0.11635643113442361	1262.4373160863747	1262.7242136679633
0.11786755361668885	1280.8617426592234	1280.1288397113117
0.1193786760989541	1299.3994755078766	1297.4969752576815
0.12088979858121934	1316.7213938952775	1314.8295383437764
0.12240092106348459	1333.3552654797697	1332.1274127919592
0.12391204354574983	1350.6781727932137	1349.3914498895897
0.12542316602801507	1367.855947221525	1366.6224699665793
0.1269342885102803	1384.6699819251091	1383.8212638784735
0.12844541099254553	1401.4527966600465	1400.9885944017715
0.12995653347481076	1417.3810065646196	1418.1251975476423
0.131467655957076	1434.2715250313693	1435.2317837996984
0.13297877843934122	1452.2545359924839	1452.3090392810345
0.13448990092160645	1470.2606917709431	1469.3576268553293
0.13600102340387168	1488.280516043987	1486.3781871664257
0.13751214588613692	1505.0831245440131	1503.371339620475
0.13902326836840215	1520.414765030251	1520.3376833144087
0.14053439085066738	1535.7935683276855	1537.2777979142172
0.1420455133329326	1552.0324716533687	1554.1922444862619
0.14355663581519784	1569.8570877040659	1571.0815662845976
0.14506775829746307	1588.3986235683412	1587.946289497073
0.1465788807797283	1606.6987087823995	1604.7869239527704
0.14809000326199354	1622.6204439712865	1621.6039637931651
0.14960112574425877	1638.5840688201424	1638.3978881092123
0.151112248226524	1655.7543543410743	1655.1691615464208
0.15262337070878923	1671.8162548235875	1671.9182348798186
0.15413449319105446	1688.9699793840055	1688.6455455605967
0.1556456156733197	1705.418226968486	1705.3515182360843
0.15715673815558492	1719.9720218332664	1722.0365652446035
0.15866786063785016	1735.1432309349864	1738.7010870866463
0.1601789831201154	1752.513737943222	1755.3454728737188
0.16169010560238062	1769.3041420181512	1771.9701007561125
0.16320122808464585	1785.09243980888	1788.5753383307797
0.16471235056691108	1810.7579246106338	1805.161543030409
0.1662234730491763	1827.938433512751	1821.7290624947368
0.16773459553144154	1845.9499055068022	1838.2782349250551
0.16924571801370678	1863.746125698408	1854.8093894228227
0.170756840495972	1879.3251691755743	1871.3228463132252
0.17226796297823724	1894.392083844266	1887.8189174544807
0.17377908546050247	1910.355205088861	1904.2979065336394
0.1752902079427677	1926.794541730436	1920.7601093495766
0.17680133042503293	1942.7501247711389	1937.2058140838392
0.17831245290729816	1959.0718517881357	1953.635301559968
0.1798235753895634	1976.0371841521583	1970.0488454918752
0.18133469787182863	1991.5146538712906	1986.446712721833
0.18284582035409386	2007.0751270322867	2002.8291634485815
0.1843569428363591	2023.4408169201224	2019.1964514460547
0.18586806531862432	2039.6146199353855	2035.5488242731747
0.18737918780088955	2055.771247870741	2051.8865234751534
0.18889031028315478	2071.272351686841	2068.2097847767095
0.19040143276542001	2086.38093156929	2084.5188382675874
0.19191255524768525	2101.5100501888255	2100.813908580742
0.19342367772995048	2115.892383621905	2117.095215063538
0.1949348002122157	2128.5101870026733	2133.3629719422856
0.19644592269448094	2141.792106582667	2149.6173884804216
0.19795704517674617	2157.5988364249606	2165.858669130636
0.1994681676590114	2174.789314621611	2182.087013681207
0.20097929014127663	2191.0846479232423	2198.3026173968174
0.20249041262354187	2206.3678318033253	2214.5056711540974
0.2040015351058071	2223.568072297423	2230.6963615721265
0.20551265758807233	2242.560344518948	2246.87487113812
0.20702378007033756	2263.556937863141	2263.0413783285126
0.2085349025526028	2284.2630834564798	2279.1960577256386
0.21004602503486802	2300.9986471019597	2295.3390801301994
0.21155714751713325	2315.97416858038	2311.4706126696988
0.21306826999939849	2331.5354811009834	2327.590818903021
0.21457939248166372	2346.207012546151	2343.6998589213126
0.21609051496392895	2358.833963788517	2359.7978894453245
0.21760163744619418	2368.7088978631937	2375.885063919361
0.2191127599284594	2381.152736439125	2391.9615326019816
0.22062388241072464	2397.840033926254	2408.0274426535807
0.22213500489298987	2414.8233232053517	2424.082938220982
0.2236461273752551	2433.939705448213	2440.1281605191652
0.22515724985752034	2455.0428295194347	2456.1632479102373
0.22666837233978557	2478.324795931924	2472.1883359797666
0.2281794948220508	2498.604864859097	2488.2035576105795
0.22969061730431603	2510.8187587699986	2504.20904305412
0.23120173978658126	2523.252400789307	2520.2049199994713
0.2327128622688465	2538.1720410181524	2536.1913136401304
0.23422398475111172	2548.4958297712196	2552.1683467386165
0.23573510723337696	2560.1492960520973	2568.1361396890075
0.2372462297156422	2574.741165573587	2584.094810577477
0.23875735219790742	2588.8110119554754	2600.044475240906
0.24026847468017265	2605.4858231422763	2615.985247323652
0.24177959716243788	2620.597964772973	2631.91723833253
0.2432907196447031	2635.7375171879294	2647.8405576900914
0.24480184212696834	2653.6707942048097	2663.7553127862416
0.24631296460923358	2670.1027078837574	2679.6616090282796
0.2478240870914988	2687.4128429164684	2695.5595498894013
0.24933520957376404	2706.613321076336	2711.4492369557274
0.2508463320560293	2721.6209127029883	2727.33076997192
0.25235745453829456	2735.5886930817674	2743.204246885414
0.2538685770205598	2753.364331582917	2759.0697638893434
0.2553796995028251	2771.5580992561795	2774.9274154641844
0.25689082198509033	2788.37699716655	2790.777294418171
0.2584019444673556	2808.130951878978	2806.6194919265313
0.25991306694962085	2830.3565594059096	2822.4540975695713
0.2614241894318861	2850.7215666470993	2838.2811993696623
0.26293531191415137	2868.667421771244	2854.100883827157
0.26444643439641663	2884.57481272498	2869.91323595528
0.2659575568786819	2898.522617207267	2885.718339314023
0.26746867936094715	2913.359841926324	2901.5162760430785
0.2689798018432124	2931.587625497117	2917.3071268938475
0.27049092432547767	2947.2244396856527	2933.0909712605508
0.2720020468077429	2960.802827358573	2948.867887210473
0.2735131692900082	2974.276230474311	2964.637951513367
0.27502429177227344	2986.058105135144	2980.401239670052
0.2765354142545387	2990.229012038124	2996.157825940225
0.27804653673680396	3005.449633106126	3011.9077833695155
0.2795576592190692	3022.217845214915	3027.651183815808
0.2810687817013345	3038.029912126518	3043.3880979748533
0.28257990418359974	3057.1599464754854	3059.118595405195
0.284091026665865	3072.624203584909	3074.8427445524276
0.28560214914813026	3085.5333772910653	3090.560612772817
0.2871132716303955	3096.649770743358	3106.272266356293
0.2886243941126608	3106.2270937244944	3121.9777705488386
0.29013551659492604	3119.0616427208834	3137.677189574298
0.2916466390771913	3131.0093256940263	3153.370586655615
0.29315776155945655	3139.8129728938725	3169.058024035525
0.2946688840417218	3148.5072892923417	3184.739562996711
0.29618000652398707	3155.893683285773	3200.415263881449
0.29769112900625233	3161.633898045452	3216.0851861107517
0.2992022514885176	3164.9981586184804	3231.7493882030262
0.30071337397078285	3168.917195493495	3247.4079277922615
0.3022244964530481	3176.4243702597096	3263.060861645764
0.30373561893531337	3187.2023343932015	3278.708245681447
0.3052467414175786	3194.4023440884084	3294.350134984691
0.3067578638998439	3202.9759270971253	3309.986583824792
0.30826898638210914	3219.5448805099945	3325.6176456709986
0.3097801088643744	3233.248964450393	3341.2433732081654
0.31129123134663966	3245.7442668159415	3356.863818352016
0.3128023538289049	3263.468867743831	3372.4790322640474
0.3143134763111702	3284.527887114413	3388.089065366065
0.31582459879343544	3305.9650144956545	3403.6939673543748
0.3173357212757007	3320.2393624114065	3419.293787213637
0.31884684375796596	3330.910115218125	3434.8885732303866
0.3203579662402312	3337.810928259034	3450.4783730062395
0.3218690887224965	3336.2787917107808	3466.063233470781
0.32338021120476174	3339.492137687113	3481.643200894163
0.324891333687027	3345.5875347563074	3497.2183208993947
0.32640245616929225	3349.810368477364	3512.7886384743592
0.3279135786515575	3361.0439275785084	3528.354197983547
0.3294247011338228	3377.825708490784	3543.915043179518
0.33093582361608803	3397.362839224051	3559.471217214109
0.3324469460983533	3418.0116415408183	3575.022762649375
0.33395806858061855	3433.1353445208474	3590.569721468295
0.3354691910628838	3446.430890287978	3606.112135085223
0.33698031354514907	3460.0465563117955	3621.650044356115
0.3384914360274143	3469.054371571658	3637.1834895885204
0.3400025585096796	3474.25414659847	3652.712510551354
0.34151368099194485	3481.2696482162896	3668.2371464844523
0.3430248034742101	3496.2375838052185	3683.7574361079132
0.34453592595647536	3514.960803457799	3699.273417631238
0.3460470484387406	3530.632279831971	3714.7851287622666
0.3475581709210059	3541.4090192003177	3730.292606715926
0.34906929340327114	3553.4381107524678	3745.7958882227776
0.3505804158855364	3564.0592049254155	3761.2950095373926
0.35209153836780166	3572.164388993044	3776.7900064465357
0.3536026608500669	3577.2032364766555	3792.280914277185
0.3551137833323322	3582.151666488906	3807.7677679043677
0.35662490581459744	3594.0989163320883	3823.250601758843
0.3581360282968627	3610.2587610292744	3838.729449834613
0.35964715077912796	3623.3016391822343	3854.2043456962797
0.3611582732613932	3631.9846679458237	3869.675322486246
0.3626693957436585	3643.00887290078	3885.1424129317666
0.36418051822592373	3648.641349156417	3900.6056493518563
0.365691640708189	3648.2346528708567	3916.0650636640453
0.36720276319045425	3651.4561181853855	3931.5206873910083
0.3687138856727195	3665.188416225353	3946.972551667048
0.37022500815498477	3667.094932516638	3962.4206872444474
0.37173613063725003	3672.849136062949	3977.8651244996972
0.3732472531195153	3684.0737865837805	3993.305893439592
0.37475837560178055	3688.0730768983235	4008.743023707206
0.3762694980840458	3685.8520745951437	4024.176544587746
0.37778062056631107	3690.185715388039	4039.6064850142916
0.3792917430485763	3692.317973286283	4055.0328735734165
0.3808028655308416	3688.245865713768	4070.4557385106987
0.38231398801310684	3687.865110325817	4085.875107736125
0.3838251104953721	3692.6802915982084	4101.291008829383
0.38533623297763736	3710.077786595782	4116.7034690450555
0.3868473554599026	3718.9009878361935	4132.112515317709
0.3883584779421679	3717.2695983687126	4147.518174266883
0.38986960042443314	3721.5735481042116	4162.920472201985
0.3913807229066984	3722.079130150995	4178.319435127092
0.39289184538896366	3727.183995188015	4193.715088745651
0.3944029678712289	3740.2208117288706	4209.1074584651
0.3959140903534942	3749.452379856187	4224.4965694013945
0.39742521283575943	3752.3457625790793	4239.88244638345
0.3989363353180247	3746.2233312584217	4255.2651139574955
0.40044745780028995	3738.5212270902443	4270.644596391355
0.4019585802825552	3734.9032066086816	4286.020917678636
0.40346970276482047	3743.8014371724803	4301.394101542849
0.40498082524708573	3755.9409348233867	4316.764171441445
0.406491947729351	3770.43310275725	4332.13115056978
0.40800307021161625	3778.535016846157	4347.495061865004
0.4095141926938815	3787.355398604203	4362.855928009878
0.41102531517614677	3796.131330811432	4378.213771436527
0.412536437658412	3796.639118164742	4393.568614330112
0.4140475601406773	3796.5881093164458	4408.920478632449
0.41555868262294254	3794.1670466605156	4424.269386045549
0.4170698051052078	3795.115515926679	4439.615358035104
0.41858092758747306	3800.914950329691	4454.958415833905
0.4200920500697383	3802.1235084179393	4470.298580445195
0.4216031725520036	3790.4222668598254	4485.635872645972
0.42311429503426884	3774.0616492786903	4500.970312990224
0.4246254175165341	3765.003241945235	4516.301921812107
0.42613653999879936	3761.0759179475076	4531.630719229075
0.4276476624810646	3758.559727535042	4546.956725144941
0.4291587849633299	3760.8353621364386	4562.279959252896
0.43066990744559513	3776.549480926252	4577.600441038469
0.4321810299278604	3795.851989597092	4592.918189782437
0.43369215241012565	3816.535893457971	4608.233224563683
0.4352032748923909	3841.3557466447596	4623.5455642620045
0.43671439737465617	3855.497252064585	4638.8552275608745
0.43822551985692143	3865.775007920287	4654.162232950154
0.4397366423391867	3880.3765552160876	4669.466598728761
0.44124776482145195	3900.4062723788907	4684.768343007283
0.4427588873037172	3922.6397291874046	4700.06748371056
0.44427000978598247	3925.179339452161	4715.364038580214
0.4457811322682477	3910.7020360791053	4730.658025177134
0.447292254750513	3908.4216106813083	4745.949460883927
0.44880337723277824	3906.4321234153294	4761.23836290732
0.4503144997150435	3899.590664820458	4776.524748280528
0.45182562219730876	3902.775514666785	4791.808633865576
0.453336744679574	3907.7908260996214	4807.090036355587
0.4548478671618393	3908.129929247304	4822.368972277029
0.45635898964410454	3901.3195389488546	4837.645457991929
0.4578701121263698	3908.913006601654	4852.919509700044
0.45938123460863506	3926.96381808495	4868.191143440999
0.4608923570909003	3929.987548432156	4883.460375096397
0.4624034795731656	3927.144761329583	4898.727220391881
0.46391460205543084	3918.311728311024	4913.99169489917
