-0.4818050978684265	0.01879598515185398
-0.4802686607103428	0.04052668603582082
-0.47873229192227096	-0.013997341066801144
-0.4771959915284334	-0.007750812114713952
-0.4756597595530463	0.03707539368762202
-0.47412359602033205	0.03093265016030643
-0.4725876077143656	0.03710122625175008
-0.4710515811348859	0.018219989833679145
-0.4695156230707267	0.04113156659397373
-0.46797973354610156	0.010225726978152397
-0.4664439125852249	0.006218422843532485
-0.46490816021230663	-0.0029954777775731034
-0.4633724764515612	-0.044393503118675876
-0.4618368613271968	-0.022685103903224726
-0.4603013148634225	-0.026879131259321204
-0.4587658370844474	-0.023329469691332386
-0.4572304280144779	0.030261586590983373
-0.4556950876777195	-0.03379950984843009
-0.45415981609837686	0.015081098242736688
-0.4526246133006546	0.025899792212732475
-0.45108958600180293	-0.025406537094316506
-0.44955452083514014	-0.018932203767657776
-0.448019524522701	-0.0180553667776054
-0.44648459708868304	-0.014670051798050301
-0.4449497385572856	-0.030732296082211265
-0.4434149489527044	-0.030839282766513185
-0.441880228299137	0.047825664388316494
-0.44034557662077645	0.03174975500343864
-0.43881099394181944	0.03611318300662641
-0.43727648028645727	0.08038988056399604
-0.43574203567888037	0.06120031313106689
-0.4342076601432818	0.0898374981882246
-0.4326733537038485	0.06605056512914903
-0.43113911638477087	0.006545699749064892
-0.42960505483614564	0.07498624785040621
-0.4280709558255287	0.046370787591676184
-0.4265369260078262	-0.01340317263924051
-0.42500296540721894	0.001951083123504377
-0.423469074047891	-0.01136519976964485
-0.42193525195402404	-0.028315008314823205
-0.4204014991497995	-0.0150071977527721
-0.41886781565939546	0.0015261527602167234
-0.4173342015069925	0.03705747338643375
-0.4158006567167669	-0.01131213668032988
-0.4142671813128931	0.03265646956527553
-0.4127337753195508	-0.002016227824735732
-0.41120043876091183	-0.015151157420916302
-0.40966717166114974	0.0076095843136098264
-0.40813408060287926	0.0551004526481909
-0.40660095248855366	0.02059348732863311
-0.4050678939056167	0.06085836523598987
-0.40353490487823485	0.025134682176485325
-0.40200198543057986	0.04121611086086474
-0.40046913558681374	0.05204192857670714
-0.3989363553711047	-0.015333977752143775
-0.3974036448076157	0.01660561957105429
-0.39587100392051133	0.06695459538226724
-0.39433843273395275	0.062491428410148736
-0.39280593127210195	0.10845610352330474
-0.3912734995591183	0.028770503429026102
-0.38974113761916107	0.003981864487023187
-0.3882088454763879	0.0366256074564853
-0.3866767296455993	-0.007299725850346913
-0.38514457716480766	0.08497729084396503
-0.38361249455366475	0.04256909109299243
-0.3820804818363228	-0.008158050412629647
-0.38054853903693675	-0.0033678264174198083
-0.3790166661796561	0.002279860485564312
-0.3774848632886323	0.04882046171618107
-0.37595313038801126	0.01606066489788099
-0.3744214675019444	0.019145587882831203
-0.3728898746545759	0.0668608420876826
-0.3713583518700536	0.07048277537971705
-0.36982689917252	0.02342986545380425
-0.36829551658611925	0.05895421714945852
-0.3667642041349948	0.11529451711411616
-0.36523306826580604	0.053875249614987235
-0.3637018961527756	0.039931645337115546
-0.36217079424743903	0.05991262033184313
-0.36063976257393526	0.06543864333904298
-0.35910880115640054	0.0364576979908572
-0.3575779100189693	0.1171066511499621
-0.35604708918577876	0.09139111652080248
-0.3545163386809589	0.050004679667404774
-0.35298565852864505	0.011400574206889379
-0.3514550487529655	0.05721793905537555
-0.34992450937805475	0.04792969673071782
-0.34839404042803745	0.07237611971646288
-0.34686364192704455	0.007271085547319942
-0.34533331389920163	0.06175043348132647
-0.3438031627226994	0.06531943422153384
-0.34227297570863047	0.08308747123819604
-0.34074285924008385	0.05948846793892098
-0.3392128133411825	0.08094278310239057
-0.3376828380360457	0.048240619295991494
-0.3361529333487965	0.03317137215075695
-0.3346230993035515	0.052322426318920943
-0.33309333592442925	0.02451319397023357
-0.3315636432355482	0.02639136646176545
-0.33003402126102155	0.06138765850620826
-0.32850447002496597	0.08009984248319577
-0.32697498955149285	0.07408954489861694
-0.3254455798647171	0.03266502891064274
-0.3239162409887466	0.07314783710987292
-0.3223870792329746	0.0846662244587475
-0.32085788204602284	-0.02253412053249719
-0.3193287557422033	-0.014346813649991626
-0.3177997003456239	0.06650490554211705
-0.3162707158803888	0.05969072039574013
-0.3147418023706041	0.09173418367430404
-0.31321295984037056	0.08516386528612532
-0.3116841883137933	0.11240807920418401
-0.31015548781497304	0.10226829394058745
-0.30862685836800696	0.05968694206372582
-0.30709829999699845	0.07860716353279025
-0.3055698127260402	0.09366865663487492
-0.3040413965792348	0.007449177001350649
-0.3025130515806731	0.05914009402080952
-0.30098488397061973	0.01786263469358961
-0.29945668133588277	0.041282948316020654
-0.2979285499216686	0.02253365085839468
-0.29640048975207	0.012462043277901546
-0.2948725008511752	0.018041096907896795
-0.2933445832430752	0.045164644740758556
-0.2918167369518547	0.03730371736984503
-0.2902889620016029	0.06659049518741098
-0.28876125841640543	0.0768957692951761
-0.2872336262203443	0.08963934002780674
-0.2857060654375052	0.11441051844677651
-0.2841785760919675	0.10495626799931439
-0.28265115820781594	0.047062176823352404
-0.2811238118091255	0.05996532249793692
-0.27959664306670784	0.08528638980594311
-0.27806943970620845	0.06513420495917929
-0.27654230790340395	0.11086747788393278
-0.2750152476823693	0.053691394374548264
-0.27348825906717944	0.08750111684496314
-0.2719613420819067	0.11697507659219385
-0.27043449675062337	0.0807612218133427
-0.26890772309740085	0.07924860762679804
-0.2673810211463079	0.1524238687054465
-0.2658543909214133	0.10435412092481032
-0.26432783244678393	0.09786057033895831
-0.26280134574648684	0.10170859692373538
-0.2612749308445872	0.13286025882043534
-0.25974858776514753	0.16701575065585691
-0.2582224226091936	0.10738335203912741
-0.256696223241869	0.07222526761650966
-0.2551700957691885	0.13040389466055707
-0.2536440402152145	0.11713681700282165
-0.25211805660400066	0.09348507704729248
-0.2505921449596087	0.09281290064559071
-0.24906630530609045	0.11474970144629253
-0.24754053766750575	0.13736274491067124
-0.24601484206790383	0.10629155612734273
-0.24448921853133923	0.06757880672307864
-0.2429636670818647	0.1090864364315384
-0.24143818774352946	0.05766046787654421
-0.2399127805403836	0.10323835361177673
-0.23838744549647276	0.08014756867425683
-0.23686228864271167	0.10345405909563712
-0.23533709798439498	0.10617494769077271
-0.23381197955745206	0.06869899571773375
-0.23228693338592502	0.11401947093633859
-0.23076195949385683	0.13715460942085556
-0.22923705790528873	0.07264704023179668
-0.22771222864426013	0.0893124554896958
-0.22618747173481227	0.1187845948061246
-0.22466278720097924	0.13550283564584237
-0.22313817506680225	0.11902157757197718
-0.22161363535631365	0.1018955211126396
-0.2200891680935493	0.1110353364759328
-0.21856477330254245	0.12254785675790723
-0.21704045100732453	0.058851451987644444
-0.21551630716836792	0.10961064567082394
-0.21399212993177733	0.0726793435145262
-0.21246802526306466	0.1109515963802901
-0.21094399318625692	0.11507534433048586
-0.20942003372538112	0.11922110544106765
-0.2078961469044616	0.11353495781113698
-0.20637233274752267	0.13609904246367008
-0.2048485912785887	0.11552657613813513
-0.20332492252168047	0.17676467075752086
-0.20180132650081786	0.10400484322680019
-0.20027780324002167	0.12044601428793297
-0.19875435276331002	0.14620190329958843
-0.19723097509470014	0.18298379574938617
-0.19570767025820837	0.1065787372513622
-0.1941845441435406	0.09644303049737607
-0.19266138503826172	0.09905691128341028
-0.19113829883714198	0.10969368871879522
-0.18961528556419063	0.1073141074126528
-0.18809234524341958	0.11008760502964875
-0.18656947789883807	0.14363054458890034
-0.18504668355445267	0.14929928108876353
-0.18352396223427173	0.12277680366360681
-0.18200131396230004	0.17344083881273734
-0.1804787387625442	0.1697698132868032
-0.17895623665900454	0.18382857666336377
-0.17743380767568676	0.21779815933441218
-0.17591145183659032	0.1608890990354235
-0.1743891691657147	0.15460632167248434
-0.17286706548167244	0.17890867770933702
-0.17134492921414493	0.1700877333368306
-0.1698228661868331	0.1437749213946409
-0.16830087642372663	0.20312037891764775
-0.166778959948825	0.2001022434373431
-0.1652571167861179	0.18240206283538898
-0.16373534695960038	0.20472660441660345
-0.16221365049326034	0.2040599141057125
-0.16069202741108837	0.21050534751213026
-0.1591704777370733	0.24755811061125058
-0.15764900149520214	0.21863783059975098
-0.15612759870946105	0.20738189991864547
-0.1546062694038344	0.2238414900419631
-0.15308501360230745	0.24769895195633757
-0.15156393705206897	0.22304078783988995
-0.15004282832557328	0.20605623077985688
-0.14852179317512063	0.2812077014805845
-0.14700083162468827	0.1594964132705526
-0.14547994369825615	0.2903043276271773
-0.14395912941979885	0.2699775528150328
-0.14243838881329454	0.3195465303312498
-0.14091772190271515	0.2326829100320302
-0.13939712871203616	0.24916162045032006
-0.13787660926522952	0.22324687471841137
-0.13635616358626537	0.25853551131894353
-0.13483579169911478	0.2890084998395218
-0.13331549362774522	0.2710571433140305
-0.1317952693961251	0.274379342489284
-0.13027522467969702	0.33095623623056347
-0.12875514819433656	0.27304254591265475
-0.1272351456206209	0.2847714807840586
-0.12571521698251223	0.3292945254246189
-0.12419536230397091	0.3083484484273856
-0.12267558160895733	0.33955568410950554
-0.12115587492143279	0.32816164565401745
-0.1196362422653541	0.34913688473966364
-0.1181166836646799	0.42674671020645827
-0.11659719914336433	0.4373048883199058
-0.11507778872536337	0.4219608866602478
-0.11355845243463117	0.43552451994215113
-0.11203919029511747	0.45316078288084916
-0.11052000233077733	0.4501036023053282
-0.10900099414497502	0.41225797065299785
-0.10748195459766555	0.4977607435568813
-0.1059629892973735	0.5456115834638625
-0.10444409826804327	0.5769003315905838
-0.10292528153362282	0.5055432680057915
-0.10140653911805567	0.5640774950498326
-0.09988787104528354	0.6154829291155711
-0.09836927733924997	0.6054614697042361
-0.096850758023894	0.5987468835911308
-0.09533231312315651	0.6509837198374293
-0.09381394266097567	0.6628470704806458
-0.0922956466612879	0.6910948449723215
-0.09077742514802958	0.7211310647498548
-0.08925927814513626	0.7220507791480911
-0.08774131118357412	0.7781662679039181
-0.08622331326802771	0.7901587217872335
-0.08470538993464041	0.8198279394590182
-0.08318754120734331	0.8619973021943612
-0.0816697671100666	0.8046859659458657
-0.08015206766673602	0.9165722012960311
-0.07863444290128	1.0017222700941197
-0.07711689283762338	0.9691871567181776
-0.07559941749969104	1.0728141892208338
-0.0740820169114034	1.1013009706828023
-0.0725646910966862	1.1188686081590513
-0.07104744007945721	1.1983338755343018
-0.06953026388363773	1.1985310478283826
-0.06801316253314463	1.2972997171229756
-0.06649624148621916	1.345758329901442
-0.06497928989292648	1.4747954873980174
-0.06346241321670545	1.4830674326341045
-0.061945611481472956	1.5392325034050178
-0.060428884711140524	1.6509411120672481
-0.05891223292961792	1.7445049815366012
-0.05739565616081668	1.7954475535197993
-0.0558791544286448	1.9194522873767295
-0.054362727757012036	1.9954680929275983
-0.05284637616982282	2.1393476029698726
-0.05133009969098426	2.3041453334672983
-0.049813898344399005	2.4612545182268306
-0.0482977721539706	2.630729110450351
-0.046781721143600824	2.7806571710941346
-0.045265850698477356	3.0009697858668436
-0.043749950114696096	3.120059159999585
-0.04223412478267077	3.4184245453354167
-0.04071837472629872	3.590135796265192
-0.039202699969472815	3.919006845495271
-0.03768710053609217	4.205926596193546
-0.03617157645004701	4.387008063825191
-0.03465612773523111	4.666367945239835
-0.033140754415534684	4.941626389297399
-0.031625456514848854	5.3424823401322215
-0.030110234057062063	5.641992627962284
-0.028595087066060093	6.083078779808597
-0.02708001556573228	6.448195940081489
-0.02556501957996174	6.847468482925599
-0.024050204420558413	7.245421602283147
-0.02253535953030264	7.651627237702861
-0.02102059022625083	8.123842593770226
-0.01950589653228521	8.593461016975253
-0.017991278472282685	8.965374994178713
-0.016476736070122816	9.54404820129605
-0.014962269349681616	10.01649917974481
-0.013447878334835987	10.348546568391106
-0.011933563049460165	10.682075167039512
-0.01041932351742572	10.969389016140987
-0.008905159762606888	11.45748903605811
-0.007391071808873466	11.702025721404542
-0.005877059680095247	12.041691888956976
-0.004363123400141138	12.342800383810035
-0.0028493682071164803	12.516122054780938
-0.0013355836911344275	12.615501071069115
0.0001781249044274526	12.74518218022835
0.0016917575557055821	12.681928213368385
0.0032053142388372715	12.723796597711775
0.004718794929958942	12.691356949670897
0.006232199605215012	12.639644592625427
0.007745528240741901	12.528872291791506
0.009258780812686692	12.255075092923017
0.01077195729718758	12.05376339053407
0.012285057670393425	11.728704262799642
0.013798081908448641	11.410839932978291
0.015311029987499421	11.045770427447334
0.016823901883697284	10.689687283790896
0.018336592432961235	10.294345274529924
0.01984931189719516	9.859981177358751
0.021361955107028957	9.353420841194438
0.02287452203861326	9.004626616674427
0.02438701266810403	8.589122249662818
0.025899426971656342	8.081660194474544
0.027411764925426158	7.730153044427947
0.028924026505572104	7.354082859336272
0.030436211688252807	6.971988412689512
0.03194832044962956	6.617046654596495
0.03346035276586276	6.242818736806554
0.03497230861311548	5.855435987844558
0.03648418796755079	5.541549856825258
0.03799599080533708	5.178902362060388
0.039507612036747214	4.835620721007633
0.04101926177505197	4.585192330613541
0.04253083492521023	4.326684068228363
0.0440423314633904	4.0599530827339
0.04555375136576531	3.8465028326003803
0.047065094608506025	3.6347646545251493
0.048576361167788934	3.4048130195188278
0.05008755101978421	3.184234452764004
0.051598664140671796	2.99943744181961
0.053109700506626306	2.842618642664097
0.05462066009382857	2.701619543727924
0.05613154287845676	2.587193234508832
0.0576423488366917	2.3726555290922744
0.05915307794471422	2.272146844947814
0.060663625187482334	2.039184755223035
0.06217420052898179	1.9556057703123346
0.06368469894882287	1.8997198440319971
0.06519512042319617	1.7334555865372898
0.06670546492828963	1.6622762652193912
0.06821573244028942	1.607306552937005
0.06972592293538968	1.5212357017032814
0.07123603638978102	1.420188244477292
0.07274607277965581	1.3585725731642997
0.07425603208120732	1.2742934806729609
0.07576591427063326	1.27540272634268
0.07727571932412955	1.2546221765811232
0.07878544721789302	1.1806769043780194
0.08029509792812314	1.111331151793284
0.08180456651477838	1.0615040933726065
0.08331406279191197	0.947288051812552
0.08482348181411956	0.9425251899173239
0.08633282355760416	0.9700976444369476
0.0878420879985706	0.9118827352391
0.08935127511322458	0.8535893562857532
0.09086038487777534	0.8404322923170027
0.09236941726842948	0.7891692295311323
0.09387837226140158	0.7358783822520654
0.09538724983289645	0.7338076885506014
0.09689604995913134	0.7120491230968375
0.09840477261631728	0.6908543309046724
0.0999134177806715	0.6370834205260686
0.10142198542840772	0.6608607051037468
0.10293037069481256	0.5895881558185695
0.10443878324336017	0.5728830315635763
0.10594711820394861	0.542869077488054
0.10745537555279958	0.5474282783698073
0.10896355526613208	0.606175373942499
0.11047165732017403	0.5988683113347976
0.11197968169114533	0.49703349143706316
0.11348762835527568	0.5041596425926727
0.11499549728879119	0.4752411398236899
0.11650328846791977	0.481279295594982
0.11801100186889021	0.435592342886532
0.11951863746793576	0.4112847099036921
0.12102619524128608	0.43007692095244376
0.1225336751651753	0.4446054614278686
0.12404097245054066	0.4009695439850615
0.12554829660962794	0.38682010219312357
0.1270555428479618	0.3887319896154846
0.1285627111417835	0.3416480685853699
0.13006980146732802	0.3863964492546925
0.13157681380084105	0.39601767476789124
0.13308374811856025	0.4163279320566001
0.1345906043967313	0.35229449627485465
0.13609738261159718	0.311454530232313
0.1376040827394027	0.2877720971036239
0.13911070475639795	0.29954310668149065
0.1406172486388277	0.3140976106783206
0.1421237143629421	0.30917171065033017
0.14363010190499123	0.2995147133862698
0.145136306551888	0.2975456926517148
0.14664253766400323	0.24132447699316448
0.14814869052281418	0.285395714354481
0.1496547651045754	0.249494027543521
0.151160761385545	0.2574360418175949
0.15266667934198105	0.25146834297319276
0.1541725189501417	0.19838340373825217
0.1556782801862868	0.16926298279444726
0.1571839630266789	0.22063784912812248
0.15868956744758142	0.23008200664892695
0.16019509342525604	0.18232138000082043
0.16170054093596972	0.20556181628334919
0.16320590995599035	0.21729233787064567
0.16471120046158313	0.22753187674801129
0.16621630781595906	0.2197368707741099
0.16772144122696828	0.25588479291646793
0.16922649605236303	0.17474621260152237
0.17073147226841653	0.19510912731338606
0.1722363698514011	0.1716561467640504
0.17374118877759434	0.1876637000757181
0.17524592902327127	0.1960574520109191
0.17675059056470951	0.1726326228601689
0.1782551733781885	0.13619105668025977
0.17975967743998852	0.16492691849952612
0.18126410272638901	0.11237761466314199
0.18276844921367738	0.16714604455153131
0.18427271687813215	0.18183590462834195
0.18577690569603986	0.17294856690809168
0.18728091110723463	0.1504706707391386
0.18878494216639582	0.17759516668927025
0.19028889430787485	0.16325314781615524
0.19179276750796267	0.16971350881150213
0.19329656174295026	0.13655792300421288
0.19480027698913036	0.1125734141744067
0.1963039132227957	0.14469221372636798
0.19780747042024346	0.10485443681069792
0.19931094855776907	0.1435045894589387
0.2008143476116697	0.12967020675958107
0.2023176675582434	0.1445037547050622
0.20382090837379094	0.12685456391753444
0.20532407003461392	0.1821375878806479
0.20682715251701486	0.22135399502327965
0.20833005133777258	0.16666633659369987
0.2098329753977499	0.10810888955796721
0.2113358202082216	0.10467181263445119
0.21283858574549638	0.12721227044182706
0.21434127198588124	0.1155510178902527
0.21584387890568932	0.06348989893000741
0.21734640648122847	0.046782759758844494
0.21884885468881363	0.11697913961736169
0.2203512235047562	0.10739702408714859
0.22185351290537467	0.13935986147405843
0.22335572286698221	0.1503147476517498
0.22485785336589822	0.1511483967153902
0.2263599043784403	0.1999848702584394
0.22786187588093051	0.11338271344664576
0.2293636634674112	0.034226020751358485
0.23086547588428916	0.0650191021021674
0.23236720872008407	0.05075340606583042
0.23386886195111975	0.017320398847128514
0.23537043555372358	0.08641382535678487
0.23687192950422206	0.049552304929762425
0.23837334377894434	0.09572350624512853
0.23987467835422224	0.10617764994096189
0.24137593320638404	0.0784414761887165
0.2428771083117651	0.09562285069169738
0.24437820364669813	0.1273109074353489
0.2458792191875194	0.0603237670432767
0.2473801549105625	0.07065139912972736
0.24888101079216815	0.08829353195032989
0.25038168250396997	0.021825693787950164
0.2518823786372686	0.08319777046925955
0.25338299485815097	0.07330724366239538
0.2548835311429596	0.04992979327793592
0.2563839874680387	0.08668433729762048
0.25788436380973256	0.1279544180460849
0.259384660144389	0.035261000678385196
0.2608848764483549	0.06001634057731333
0.2623850126979781	0.050327305064546156
0.2638850688696117	0.052244907772445864
0.26538504493960535	0.007019207939706101
0.26688494088431214	0.009708413968029003
0.2683847566800852	0.09286859892741813
0.26988449230328215	0.03180457296836597
0.27138404350344847	0.013171895702052329
0.27288361871613653	0.020491430178163007
0.27438311368532387	0.0450085311514865
0.27588252838736804	0.028574827807407378
0.27738186279863286	0.06962376204666121
0.27888111689547856	0.04172985688772592
0.2803802906542725	0.07538796312069693
0.2818793840513776	0.1003793308017209
0.28337839706316115	0.04977668791767284
0.2848773296659941	0.009350616572061269
0.28637618183624114	-0.04976284856511676
0.2878749535502758	-0.0023497123872978183
0.28937364478446814	0.03879328103899403
0.2908722555151926	0.005199752005033749
0.2923706815702316	0.027495880732449598
0.2938691312287418	0.023765290016600608
0.2953675003129119	0.025723683565454594
0.29686578879911996	0.030658125200946972
0.2983639966637466	-0.015360973275702778
0.2998621238831689	0.008708282307680082
0.30136017043377383	0.04197701210078886
0.30285813629193936	0.037130869006312975
0.30435602143405505	-0.00018369181927425257
0.30585382583650245	0.019644406493461365
0.3073515494756702	0.040188662429736975
0.30884919232794883	0.011903539724473155
0.31034675436972337	-0.0030422625030915975
0.3118442355773887	0.02853412303720138
0.3133415318572814	0.05779488089615159
0.31483885133152456	0.051956812832193784
0.31633608990083784	-0.014582406101880345
0.3178332475416179	0.027289629312725015
0.3193303242302632	0.010750676607564548
0.32082731994317126	0.007002973158630506
0.3223242346567414	-0.02932862441715096
0.3238210683473739	-0.053774835240105935
0.3253178209914733	-0.0009016825636863129
0.3268144925654417	0.032554311270375884
0.32831108304568457	0.018744999331371217
0.32980759240860746	0.07741632155198715
0.3313040206306177	0.08542227676337297
0.33280036768812615	0.045971853128870976
0.3342965295663485	0.03498842861845407
0.3357927142297268	0.03961932097592739
0.3372888176578359	-0.016558864926840517
0.3387848398270912	-0.055025238042771034
0.3402807807139079	-0.007734179041234464
0.34177664029470134	0.03326932159838044
0.3432724185458913	0.027940860456183915
0.3447681154438931	0.018766151087217887
0.34626373096513174	0.031279600497256116
0.3477592650860244	0.020270129834132726
0.349254717782997	-0.026592736744975323
0.35075008903247284	0.006855673375696825
0.35224537881087614	-0.022505322231519725
0.35374058709463374	0.012174829723757101
0.3552356099481637	-0.030414803158397157
0.35673065517758507	-0.013662590340506207
0.35822561884165016	-0.007481975118449689
0.3597205009167912	-0.0073750455550033395
0.36121530137944124	-0.008139363859179996
0.36271002020603516	-0.03695754655370432
0.36420465737300867	-0.06374708541865329
0.3656992128567975	-0.033812727252500924
0.3671936866338419	-0.01068634945114835
0.3686880786805793	-0.03139119204275458
0.3701823889734517	-0.034008450070931104
0.37167661748890013	-0.0064016183666539255
0.37317076420336925	-0.025732344272628896
0.3746648290933037	-0.023827880559958405
0.376158708302641	-0.03327342117507461
0.3776526094785366	0.007358392780987027
0.37914642875923854	-0.03940174782902129
0.3806401661212002	0.0025960887642066163
0.38213382154086983	0.005723194182904867
0.3836273949947018	0.002773045526839965
0.38512088645914955	0.02381659116145421
0.38661429591066754	-0.02360810717805766
0.3881076233257128	-0.02124090161974912
0.3896008686807415	0.01765170404093717
0.39109403195221515	-0.04670081089346052
0.39258711311659167	-0.05005696431742726
0.39408011215033256	-0.012704026313008602
0.3955730290299011	-0.04094532058084917
0.39706575997908033	-0.020183854125535153
0.3985585124854121	-0.03160654337741829
0.40005118276697016	-0.03428019543404279
0.4015437708002214	-0.033656120443734346
0.4030362765616353	0.011929730452784332
0.40452870002768315	0.020073102402116565
0.4060210411748362	0.010161625173637402
0.4075132999795674	-0.027536649893587596
0.4090054764183517	0.02072443915434147
0.4104975704676639	-0.014517358604965266
0.4119895821039823	0.026201040407942865
0.4134815113037844	-0.008947233203407798
0.4149733580435504	-0.04136721687062212
0.41646501862148644	0.026777147401888503
0.41795670037635824	-0.008548514766276548
0.4194482996006432	-0.02158455437034905
0.4209398162708242	-0.05328106960270977
0.42243125036338847	-0.025705090194470755
0.4239226018548232	-0.001559828881168632
0.4254138707216184	-0.01797431818504029
0.4269050569402604	0.011106277463789506
0.4283961604872444	-0.02836123722277195
0.42988718133906123	0.01786353093478644
0.4313781194722053	0.038155089035425215
0.43286897486317266	0.03559973523024519
0.4343597474884586	-0.018715144802611508
0.43585043732456197	-0.036273137510812244
0.43734094075014807	-0.03715054588527041
0.4388314649431424	0.019286784855377728
0.44032190627645673	0.04984948265763467
0.4418122647265943	0.021599282506042445
0.4433025402700592	-0.0212723982402594
0.4447927328833565	-0.013840734947546585
0.44628284254299566	0.04497145867734585
0.44777286922548254	-0.024346113403851063
0.4492628129073284	0.016713782218626818
0.45075267356504267	0.05005861558682989
0.4522424511751393	-0.01749570695843685
0.45373214571413123	-0.02253957057028084
0.4552217571585315	-0.0022954321357391244
0.4567112854848603	0.054582156506996646
0.4582006271525618	0.054274110057771746
0.4596899891780757	0.017032485878828666
0.4611792680150748	0.016192962350036966
0.4626684636400793	-0.002281656027152782
0.46415757602961283	0.019011833235997817
